
							8				7			6			5			4			3			2			1
key little endian: 		00010011		00110100	01010111	01111001	10011011	10111100	11011111	11110001


							1				2			3			4			5			6			7			8
key big    endian:		11110001		11011111	10111100	10011011	01111001	01010111	00110100	00010011



Key:    
		64 63 62 61 56 55 54 53 48 47 46 45    40 39 38 37      32 31 30 29     24 23 22 21     16 15 14 13     8 7 6 5 
		60 59 58 57 52 51 50 49 44 43 42 41    36 35 34 33      28 27 26 25     20 19 18 17     12 11 10 9      4 3 2 1

		00010011	00110100	01010111		01111001		10011011		10111100		11011111		11110001

        56 55 54 53 49 48 47 46 42 41 40 39     35 34 33 32 28 27 26 25 21 20 19 18 14 13 12 11 7 6 5 4
		52 51 50    45 44 43    38 37 36        31 30 29    24 23 22    17 16 15    10 9 8      3 2 1

		1111000		0110011		0010101			0101111		0101010		1011001		1001111		0001111


Key:
		64 63 62 61 56 55 54 53 48 47 46 45    40 39 38 37      32 31 30 29     24 23 22 21     16 15 14 13     8 7 6 5
		60 59 58 57 52 51 50 49 44 43 42 41    36 35 34 33      28 27 26 25     20 19 18 17     12 11 10 9      4 3 2 1

		00010011	00110100	01010111		01111001		10011011		10111100		11011111		11110001

        56 55 54 53 49 48 47 46 42 41 40 39     35 34 33 32 28 27 26 25 21 20 19 18 14 13 12 11 7 6 5 4
		52 51 50    45 44 43    38 37 36        31 30 29    24 23 22    17 16 15    10 9 8      3 2 1

		0000000		0000000		0000000			0000000		0000000		0000000		0000000		0011101

